6.937321937321937471e-01
7.307692307692307265e-01
6.894586894586894887e-01
7.207977207977207534e-01
7.336182336182336394e-01
7.293447293447293811e-01
7.321937321937321830e-01
7.336182336182336394e-01
7.307692307692307265e-01
7.336182336182336394e-01
7.336182336182336394e-01
7.336182336182336394e-01
7.336182336182336394e-01
7.336182336182336394e-01
7.336182336182336394e-01
7.350427350427350959e-01
7.336182336182336394e-01
7.336182336182336394e-01
7.350427350427350959e-01
7.350427350427350959e-01
7.336182336182336394e-01
7.350427350427350959e-01
