1.922451740825957378e+00
2.611746985008913668e+00
2.960373877290307210e+00
3.103471583450621907e+00
3.743708054097289573e+00
4.219711977362293531e+00
4.465784586732543637e+00
5.252894455635988891e+00
5.887079277099707575e+00
5.668564790334457371e+00
6.109296362794022883e+00
7.159957722720936779e+00
7.880586067326048827e+00
7.653221912533469506e+00
1.010658300330496218e+01
1.149581119715318422e+01
9.688079887815350233e+00
1.116798205932660615e+01
1.443200800833199438e+01
1.161240563433394435e+01
1.040698673650410022e+01
1.316939560096827755e+01
