1.000000000000000000e+02
1.000000000000000000e+02
1.000000000000000000e+02
1.000000000000000000e+02
1.000000000000000000e+02
1.000000000000000000e+02
1.000000000000000000e+02
1.000000000000000000e+02
1.000000000000000000e+02
1.000000000000000000e+02
9.900000000000000000e+01
9.800000000000000000e+01
9.400000000000000000e+01
8.800000000000000000e+01
7.500000000000000000e+01
5.700000000000000000e+01
4.200000000000000000e+01
3.200000000000000000e+01
1.900000000000000000e+01
1.200000000000000000e+01
8.000000000000000000e+00
8.000000000000000000e+00
