2.069611549377441406e+00
2.139283657073974609e+00
1.707723498344421387e+00
1.964589953422546387e+00
1.627112150192260742e+00
1.645045518875122070e+00
1.665745854377746582e+00
1.786332368850708008e+00
1.635725140571594238e+00
1.526839017868041992e+00
1.613073825836181641e+00
1.652561306953430176e+00
1.495841383934020996e+00
1.489069819450378418e+00
1.529479622840881348e+00
1.944489002227783203e+00
1.315250158309936523e+00
1.693188667297363281e+00
1.082287907600402832e+00
1.285514950752258301e+00
2.001161336898803711e+00
2.091916561126708984e+00
