5.100000000000000089e-01
4.699999999999999734e-01
6.300000000000000044e-01
5.300000000000000266e-01
6.800000000000000488e-01
5.699999999999999512e-01
6.600000000000000311e-01
6.300000000000000044e-01
6.600000000000000311e-01
6.199999999999999956e-01
6.767676767676767957e-01
6.836734693877550839e-01
6.170212765957446832e-01
7.613636363636363535e-01
7.733333333333333171e-01
6.842105263157894912e-01
7.857142857142856984e-01
6.562500000000000000e-01
7.894736842105263275e-01
6.666666666666666297e-01
5.000000000000000000e-01
3.750000000000000000e-01
